14 5 6 15 12 1 9 10 13 2 0 11 7 8 16 3 4 14 
12 1 9 10 13 2 0 11 14 5 6 15 3 4 7 8 16 12 
16 7 8 9 1 10 12 13 2 11 0 5 6 14 15 3 4 16 
5 6 14 15 9 1 10 12 13 2 0 11 7 8 16 4 3 5 
6 5 14 15 4 3 8 7 16 1 9 10 12 2 13 11 0 6 
15 5 6 14 3 4 16 7 8 9 1 10 12 13 2 0 11 15 
3 4 16 7 8 10 1 9 12 2 13 0 11 15 5 6 14 3 
11 0 6 5 14 15 3 4 16 7 8 10 1 9 12 13 2 11 
1 9 10 12 13 2 11 0 6 5 14 15 4 3 16 7 8 1 
0 11 6 5 14 15 4 3 16 7 8 1 9 10 12 2 13 0 
6 5 14 15 4 3 16 7 8 10 1 9 12 13 2 0 11 6 
6 5 14 15 4 3 16 7 8 9 1 10 12 13 2 0 11 6 
7 8 16 12 1 9 10 13 2 0 11 5 6 14 15 4 3 7 
14 5 6 15 4 3 8 7 16 10 1 9 12 13 2 0 11 14 
4 3 16 7 8 9 1 10 12 13 2 0 11 5 6 14 15 4 
8 7 16 10 1 9 12 13 2 11 0 15 5 6 14 4 3 8 
4 3 7 8 16 10 1 9 12 13 2 11 0 15 5 6 14 4 
7 8 16 1 9 10 12 2 13 11 0 15 5 6 14 3 4 7 
14 5 6 15 4 3 16 7 8 10 1 9 12 2 13 11 0 14 
15 5 6 14 4 3 16 7 8 10 1 9 12 13 2 0 11 15 
8 7 16 10 1 9 12 13 2 0 11 14 5 6 15 3 4 8 
10 1 9 12 13 2 11 0 15 5 6 14 3 4 8 7 16 10 
16 7 8 9 1 10 12 13 2 11 0 6 5 14 15 3 4 16 
12 1 9 10 13 2 0 11 14 5 6 15 4 3 8 7 16 12 
16 7 8 9 1 10 12 13 2 0 11 14 5 6 15 4 3 16 
7 8 16 9 1 10 12 2 13 11 0 15 5 6 14 4 3 7 
1 9 10 12 13 2 0 11 14 5 6 15 4 3 7 8 16 1 
5 6 14 15 4 3 16 7 8 1 9 10 12 13 2 11 0 5 
5 6 14 15 4 3 7 8 16 9 1 10 12 13 2 0 11 5 
9 1 10 12 13 2 11 0 14 5 6 15 4 3 7 8 16 9 
6 5 14 15 3 4 7 8 16 9 1 10 12 2 13 11 0 6 
1 9 10 12 2 13 11 0 15 5 6 14 3 4 16 7 8 1 
9 1 10 12 13 2 11 0 14 5 6 15 4 3 8 7 16 9 
15 5 6 14 3 4 7 8 16 9 1 10 12 2 13 11 0 15 
7 8 16 9 1 10 12 13 2 11 0 14 5 6 15 3 4 7 
1 9 10 12 2 13 11 0 8 7 16 3 4 14 5 6 15 1 
16 7 8 9 1 10 12 2 13 11 0 15 5 6 14 3 4 16 
14 5 6 15 4 3 16 7 8 9 1 10 12 13 2 11 0 14 
15 5 6 14 3 4 7 8 16 12 1 9 10 13 2 11 0 15 
7 8 16 10 1 9 12 2 13 11 0 15 5 6 14 3 4 7 
9 1 10 12 2 13 11 0 6 5 14 15 4 3 16 7 8 9 
8 7 16 10 1 9 12 2 13 11 0 6 5 14 15 3 4 8 
16 7 8 9 1 10 12 13 2 11 0 15 5 6 14 3 4 16 
5 6 14 15 4 3 16 7 8 9 1 10 12 2 13 11 0 5 
5 6 14 15 4 3 16 7 8 9 1 10 12 2 13 11 0 5 
3 4 14 5 6 15 9 1 10 12 2 13 11 0 8 7 16 3 
16 7 8 12 1 9 10 13 2 11 0 15 5 6 14 4 3 16 
7 8 16 1 9 10 12 2 13 11 0 6 5 14 15 4 3 7 
3 4 5 6 14 15 1 9 10 12 13 2 11 0 8 7 16 3 
3 4 5 6 14 15 1 9 10 12 13 2 0 11 8 7 16 3 
12 1 9 10 13 2 0 11 14 5 6 15 4 3 7 8 16 12 
12 1 9 10 13 2 11 0 8 7 16 3 4 5 6 14 15 12 
4 3 8 7 16 1 9 10 12 2 13 11 0 5 6 14 15 4 
5 6 14 15 12 1 9 10 13 2 11 0 8 7 16 4 3 5 
8 7 16 1 9 10 12 2 13 11 0 6 5 14 15 4 3 8 
4 3 6 5 14 15 1 9 10 12 13 2 11 0 8 7 16 4 
15 5 6 14 3 4 16 7 8 10 1 9 12 2 13 11 0 15 
12 1 9 10 13 2 11 0 14 5 6 15 4 3 8 7 16 12 
14 5 6 15 4 3 8 7 16 1 9 10 12 2 13 11 0 14 
5 6 14 15 4 3 8 7 16 12 1 9 10 13 2 11 0 5 
7 8 16 9 1 10 12 13 2 11 0 6 5 14 15 4 3 7 
15 5 6 14 4 3 7 8 16 9 1 10 12 13 2 11 0 15 
7 8 16 1 9 10 12 2 13 11 0 14 5 6 15 4 3 7 
8 7 16 1 9 10 12 13 2 11 0 15 5 6 14 3 4 8 
6 5 14 15 4 3 8 7 16 12 1 9 10 13 2 11 0 6 
12 1 9 10 13 2 11 0 6 5 14 15 4 3 7 8 16 12 
5 6 14 15 4 3 8 7 16 1 9 10 12 2 13 11 0 5 
6 5 14 15 4 3 8 7 16 9 1 10 12 13 2 11 0 6 
7 8 16 9 1 10 12 2 13 11 0 5 6 14 15 4 3 7 
8 7 16 10 1 9 12 2 13 11 0 5 6 14 15 4 3 8 
6 5 14 15 4 3 8 7 16 1 9 10 12 2 13 11 0 6 
12 1 9 10 13 2 11 0 8 7 16 3 4 6 5 14 15 12 
4 3 8 7 16 1 9 10 12 2 13 11 0 14 5 6 15 4 
10 1 9 12 2 13 11 0 14 5 6 15 4 3 8 7 16 10 
16 7 8 9 1 10 12 13 2 11 0 15 5 6 14 3 4 16 
3 4 6 5 14 15 1 9 10 12 2 13 11 0 8 7 16 3 
7 8 16 1 9 10 12 2 13 11 0 15 5 6 14 4 3 7 
3 4 6 5 14 15 12 1 9 10 13 2 11 0 8 7 16 3 
1 9 10 12 2 13 11 0 15 5 6 14 3 4 16 7 8 1 
1 9 10 12 2 13 11 0 14 5 6 15 4 3 16 7 8 1 
4 3 8 7 16 10 1 9 12 13 2 11 0 5 6 14 15 4 
1 9 10 12 13 2 11 0 6 5 14 15 4 3 8 7 16 1 
5 6 14 15 4 3 16 7 8 9 1 10 12 2 13 11 0 5 
3 4 7 8 16 10 1 9 12 13 2 11 0 6 5 14 15 3 
6 5 14 15 4 3 7 8 16 10 1 9 12 2 13 11 0 6 
16 7 8 1 9 10 12 2 13 11 0 14 5 6 15 4 3 16 
8 7 16 1 9 10 12 13 2 11 0 5 6 14 15 4 3 8 
15 5 6 14 4 3 16 7 8 1 9 10 12 13 2 11 0 15 
5 6 14 15 4 3 8 7 16 12 1 9 10 13 2 11 0 5 
7 8 16 12 1 9 10 13 2 11 0 6 5 14 15 4 3 7 
5 6 14 15 4 3 8 7 16 12 1 9 10 2 13 11 0 5 
14 5 6 15 4 3 7 8 16 1 9 10 12 2 13 11 0 14 
16 7 8 1 9 10 12 2 13 11 0 5 6 14 15 4 3 16 
14 5 6 15 4 3 16 7 8 1 9 10 12 2 13 11 0 14 
6 5 14 15 4 3 7 8 16 12 1 9 10 2 13 11 0 6 
12 1 9 10 2 13 11 0 14 5 6 15 4 3 16 7 8 12 
12 1 9 10 2 13 11 0 8 7 16 3 4 5 6 14 15 12 
6 5 14 15 4 3 8 7 16 9 1 10 12 2 13 11 0 6 
13 2 11 0 14 5 6 15 4 3 7 8 16 12 1 9 10 13 
9 1 10 12 2 13 11 0 14 5 6 15 4 3 7 8 16 9 
